100! = 97 48 24 16  9  7  5  5  4  3  3  2  2  2  2
        1  1  1  1  1  1  1  1  1  1
 90! = 86 44 21 13  8  6  5  4  3  3  2  2  2  2  1
        1  1  1  1  1  1  1  1  1
 80! = 78 36 19 12  7  6  4  4  3  2  2  2  1  1  1
        1  1  1  1  1  1  1
 70! = 67 32 16 11  6  5  4  3  3  2  2  1  1  1  1
        1  1  1  1
 60! = 56 28 14  9  5  4  3  3  2  2  1  1  1  1  1
        1  1
 50! = 47 22 12  8  4  3  2  2  2  1  1  1  1  1  1
 40! = 38 18  9  5  3  3  2  2  1  1  1  1
 30! = 26 14  7  4  2  2  1  1  1  1
 20! = 18  8  4  2  1  1  1  1
 10! =  8  4  2  1
 95! = 89 45 22 14  8  7  5  5  4  3  3  2  2  2  2
        1  1  1  1  1  1  1  1  1
 85! = 81 41 20 13  7  6  5  4  3  2  2  2  2  1  1
        1  1  1  1  1  1  1  1
 75! = 71 35 18 11  6  5  4  3  3  2  2  2  1  1  1
        1  1  1  1  1  1
 65! = 63 30 15 10  5  5  3  3  2  2  2  1  1  1  1
        1  1  1
 55! = 50 26 13  8  5  4  3  2  2  1  1  1  1  1  1
        1
 45! = 41 21 10  6  4  3  2  2  1  1  1  1  1  1
 35! = 32 15  8  5  3  2  2  1  1  1  1
 25! = 22 10  6  3  2  1  1  1  1
 15! = 11  6  3  2  1  1
  5! =  3  1  1
  2! =  1
  3! =  1  1
  5! =  3  1  1
  7! =  4  2  1  1
 11! =  8  4  2  1  1
 13! = 10  5  2  1  1  1
 17! = 15  6  3  2  1  1  1
 19! = 16  8  3  2  1  1  1  1
 23! = 19  9  4  3  2  1  1  1  1
 29! = 25 13  6  4  2  2  1  1  1  1
 31! = 26 14  7  4  2  2  1  1  1  1  1
 37! = 34 17  8  5  3  2  2  1  1  1  1  1
 41! = 38 18  9  5  3  3  2  2  1  1  1  1  1
 43! = 39 19  9  6  3  3  2  2  1  1  1  1  1  1
 47! = 42 21 10  6  4  3  2  2  2  1  1  1  1  1  1
 53! = 49 23 12  8  4  4  3  2  2  1  1  1  1  1  1
        1
 59! = 54 27 13  9  5  4  3  3  2  2  1  1  1  1  1
        1  1
 61! = 56 28 14  9  5  4  3  3  2  2  1  1  1  1  1
        1  1  1
 67! = 64 31 15 10  6  5  3  3  2  2  2  1  1  1  1
        1  1  1  1
 71! = 67 32 16 11  6  5  4  3  3  2  2  1  1  1  1
        1  1  1  1  1
 73! = 70 34 16 11  6  5  4  3  3  2  2  1  1  1  1
        1  1  1  1  1  1
 79! = 74 36 18 12  7  6  4  4  3  2  2  2  1  1  1
        1  1  1  1  1  1  1
 83! = 79 40 19 12  7  6  4  4  3  2  2  2  2  1  1
        1  1  1  1  1  1  1  1
 89! = 85 42 20 13  8  6  5  4  3  3  2  2  2  2  1
        1  1  1  1  1  1  1  1  1
 97! = 94 46 22 14  8  7  5  5  4  3  3  2  2  2  2
        1  1  1  1  1  1  1  1  1  1
